From_Device_ID,To_Device_ID,Event_Type,Message,Time_Stamp
pub_10,,EVENT_CONN_REQUEST,,2024-01-15 02:45:07.946681
,pub_10,EVENT_CONNECTED,,2024-01-15 02:45:07.979726
pub_10,,EVENT_MSG_SENT,,2024-01-15 02:45:36.656327
pub_10,,EVENT_MSG_SENT,msg_450,2024-01-15 02:45:36.706817
pub_10,,EVENT_MSG_SENT,msg_451,2024-01-15 02:45:36.757409
pub_10,,EVENT_MSG_SENT,msg_452,2024-01-15 02:45:36.808672
pub_10,,EVENT_MSG_SENT,msg_453,2024-01-15 02:45:36.859974
pub_10,,EVENT_MSG_SENT,msg_454,2024-01-15 02:45:36.911240
pub_10,,EVENT_MSG_SENT,msg_455,2024-01-15 02:45:36.963135
pub_10,,EVENT_MSG_SENT,msg_456,2024-01-15 02:45:37.014648
pub_10,,EVENT_MSG_SENT,msg_457,2024-01-15 02:45:37.066305
pub_10,,EVENT_MSG_SENT,msg_458,2024-01-15 02:45:37.118054
pub_10,,EVENT_MSG_SENT,msg_459,2024-01-15 02:45:37.168761
pub_10,,EVENT_MSG_SENT,msg_460,2024-01-15 02:45:37.219733
pub_10,,EVENT_MSG_SENT,msg_461,2024-01-15 02:45:37.270354
pub_10,,EVENT_MSG_SENT,msg_462,2024-01-15 02:45:37.321123
pub_10,,EVENT_MSG_SENT,msg_463,2024-01-15 02:45:37.376313
pub_10,,EVENT_MSG_SENT,msg_464,2024-01-15 02:45:37.427170
pub_10,,EVENT_MSG_SENT,msg_465,2024-01-15 02:45:37.479456
pub_10,,EVENT_MSG_SENT,msg_466,2024-01-15 02:45:37.531920
pub_10,,EVENT_MSG_SENT,msg_467,2024-01-15 02:45:37.582582
pub_10,,EVENT_MSG_SENT,msg_468,2024-01-15 02:45:37.633231
pub_10,,EVENT_MSG_SENT,msg_469,2024-01-15 02:45:37.683807
pub_10,,EVENT_MSG_SENT,msg_470,2024-01-15 02:45:37.738008
pub_10,,EVENT_MSG_SENT,msg_471,2024-01-15 02:45:37.789087
pub_10,,EVENT_MSG_SENT,msg_472,2024-01-15 02:45:37.839955
pub_10,,EVENT_MSG_SENT,msg_473,2024-01-15 02:45:37.890640
pub_10,,EVENT_MSG_SENT,msg_474,2024-01-15 02:45:37.943104
pub_10,,EVENT_MSG_SENT,msg_475,2024-01-15 02:45:37.996517
pub_10,,EVENT_MSG_SENT,msg_476,2024-01-15 02:45:38.047627
pub_10,,EVENT_MSG_SENT,msg_477,2024-01-15 02:45:38.100665
pub_10,,EVENT_MSG_SENT,msg_478,2024-01-15 02:45:38.151618
pub_10,,EVENT_MSG_SENT,msg_479,2024-01-15 02:45:38.202141
pub_10,,EVENT_MSG_SENT,msg_480,2024-01-15 02:45:38.253625
pub_10,,EVENT_MSG_SENT,msg_481,2024-01-15 02:45:38.304293
pub_10,,EVENT_MSG_SENT,msg_482,2024-01-15 02:45:38.354899
pub_10,,EVENT_MSG_SENT,msg_483,2024-01-15 02:45:38.406346
pub_10,,EVENT_MSG_SENT,msg_484,2024-01-15 02:45:38.457101
pub_10,,EVENT_MSG_SENT,msg_485,2024-01-15 02:45:38.508113
pub_10,,EVENT_MSG_SENT,msg_486,2024-01-15 02:45:38.560471
pub_10,,EVENT_MSG_SENT,msg_487,2024-01-15 02:45:38.612579
pub_10,,EVENT_MSG_SENT,msg_488,2024-01-15 02:45:38.663446
pub_10,,EVENT_MSG_SENT,msg_489,2024-01-15 02:45:38.714757
pub_10,,EVENT_MSG_SENT,msg_490,2024-01-15 02:45:38.765661
pub_10,,EVENT_MSG_SENT,msg_491,2024-01-15 02:45:38.816624
pub_10,,EVENT_MSG_SENT,msg_492,2024-01-15 02:45:38.867268
pub_10,,EVENT_MSG_SENT,msg_493,2024-01-15 02:45:38.919442
pub_10,,EVENT_MSG_SENT,msg_494,2024-01-15 02:45:38.970670
pub_10,,EVENT_MSG_SENT,msg_495,2024-01-15 02:45:39.021389
pub_10,,EVENT_MSG_SENT,msg_496,2024-01-15 02:45:39.073375
pub_10,,EVENT_MSG_SENT,msg_497,2024-01-15 02:45:39.124022
pub_10,,EVENT_MSG_SENT,msg_498,2024-01-15 02:45:39.175120
