From_Device_ID,To_Device_ID,Event_Type,Message,Time_Stamp
sub_10,,EVENT_CONN_REQUEST,,2024-01-15 02:45:06.456668
,sub_10,EVENT_CONNECTED,,2024-01-15 02:45:06.460296
,sub_10,EVENT_MSG_RECD,msg_450,2024-01-15 02:45:36.656545
,sub_10,EVENT_MSG_RECD,msg_451,2024-01-15 02:45:36.707035
,sub_10,EVENT_MSG_RECD,msg_452,2024-01-15 02:45:36.757614
,sub_10,EVENT_MSG_RECD,msg_453,2024-01-15 02:45:36.808533
,sub_10,EVENT_MSG_RECD,msg_454,2024-01-15 02:45:36.859824
,sub_10,EVENT_MSG_RECD,msg_455,2024-01-15 02:45:36.911106
,sub_10,EVENT_MSG_RECD,msg_456,2024-01-15 02:45:36.962951
,sub_10,EVENT_MSG_RECD,msg_457,2024-01-15 02:45:37.014504
,sub_10,EVENT_MSG_RECD,msg_458,2024-01-15 02:45:37.066160
,sub_10,EVENT_MSG_RECD,msg_459,2024-01-15 02:45:37.117967
,sub_10,EVENT_MSG_RECD,msg_460,2024-01-15 02:45:37.168666
,sub_10,EVENT_MSG_RECD,msg_461,2024-01-15 02:45:37.219650
,sub_10,EVENT_MSG_RECD,msg_462,2024-01-15 02:45:37.270291
,sub_10,EVENT_MSG_RECD,msg_463,2024-01-15 02:45:37.321016
,sub_10,EVENT_MSG_RECD,msg_464,2024-01-15 02:45:37.375301
,sub_10,EVENT_MSG_RECD,msg_465,2024-01-15 02:45:37.427097
,sub_10,EVENT_MSG_RECD,msg_466,2024-01-15 02:45:37.479314
,sub_10,EVENT_MSG_RECD,msg_467,2024-01-15 02:45:37.531807
,sub_10,EVENT_MSG_RECD,msg_468,2024-01-15 02:45:37.582505
,sub_10,EVENT_MSG_RECD,msg_469,2024-01-15 02:45:37.633153
,sub_10,EVENT_MSG_RECD,msg_470,2024-01-15 02:45:37.683730
,sub_10,EVENT_MSG_RECD,msg_471,2024-01-15 02:45:37.737779
,sub_10,EVENT_MSG_RECD,msg_472,2024-01-15 02:45:37.788997
,sub_10,EVENT_MSG_RECD,msg_473,2024-01-15 02:45:37.839771
,sub_10,EVENT_MSG_RECD,msg_474,2024-01-15 02:45:37.890563
,sub_10,EVENT_MSG_RECD,msg_475,2024-01-15 02:45:37.943004
,sub_10,EVENT_MSG_RECD,msg_476,2024-01-15 02:45:37.996387
,sub_10,EVENT_MSG_RECD,msg_477,2024-01-15 02:45:38.047539
,sub_10,EVENT_MSG_RECD,msg_478,2024-01-15 02:45:38.100587
,sub_10,EVENT_MSG_RECD,msg_479,2024-01-15 02:45:38.151525
,sub_10,EVENT_MSG_RECD,msg_480,2024-01-15 02:45:38.202073
,sub_10,EVENT_MSG_RECD,msg_481,2024-01-15 02:45:38.253550
,sub_10,EVENT_MSG_RECD,msg_482,2024-01-15 02:45:38.304201
,sub_10,EVENT_MSG_RECD,msg_483,2024-01-15 02:45:38.354827
,sub_10,EVENT_MSG_RECD,msg_484,2024-01-15 02:45:38.406271
,sub_10,EVENT_MSG_RECD,msg_485,2024-01-15 02:45:38.457000
,sub_10,EVENT_MSG_RECD,msg_486,2024-01-15 02:45:38.508039
,sub_10,EVENT_MSG_RECD,msg_487,2024-01-15 02:45:38.560393
,sub_10,EVENT_MSG_RECD,msg_488,2024-01-15 02:45:38.612422
,sub_10,EVENT_MSG_RECD,msg_489,2024-01-15 02:45:38.663282
,sub_10,EVENT_MSG_RECD,msg_490,2024-01-15 02:45:38.714681
,sub_10,EVENT_MSG_RECD,msg_491,2024-01-15 02:45:38.765586
,sub_10,EVENT_MSG_RECD,msg_492,2024-01-15 02:45:38.816541
,sub_10,EVENT_MSG_RECD,msg_493,2024-01-15 02:45:38.867180
,sub_10,EVENT_MSG_RECD,msg_494,2024-01-15 02:45:38.919262
,sub_10,EVENT_MSG_RECD,msg_495,2024-01-15 02:45:38.970575
,sub_10,EVENT_MSG_RECD,msg_496,2024-01-15 02:45:39.021309
,sub_10,EVENT_MSG_RECD,msg_497,2024-01-15 02:45:39.073277
,sub_10,EVENT_MSG_RECD,msg_498,2024-01-15 02:45:39.123941
,sub_10,EVENT_MSG_RECD,msg_499,2024-01-15 02:45:39.175036
