From_Device_ID,To_Device_ID,Event_Type,Message,Time_Stamp
pub_13,,EVENT_CONN_REQUEST,,2024-01-15 00:29:16.719943
,pub_13,EVENT_CONNECTED,,2024-01-15 00:29:16.884682
pub_13,,EVENT_MSG_SENT,,2024-01-15 00:29:53.841977
pub_13,,EVENT_MSG_SENT,msg_600,2024-01-15 00:29:53.892444
pub_13,,EVENT_MSG_SENT,msg_601,2024-01-15 00:29:53.942890
pub_13,,EVENT_MSG_SENT,msg_602,2024-01-15 00:29:53.993400
pub_13,,EVENT_MSG_SENT,msg_603,2024-01-15 00:29:54.044554
pub_13,,EVENT_MSG_SENT,msg_604,2024-01-15 00:29:54.102513
pub_13,,EVENT_MSG_SENT,msg_605,2024-01-15 00:29:54.154412
pub_13,,EVENT_MSG_SENT,msg_606,2024-01-15 00:29:54.205252
pub_13,,EVENT_MSG_SENT,msg_607,2024-01-15 00:29:54.256235
pub_13,,EVENT_MSG_SENT,msg_608,2024-01-15 00:29:54.306737
pub_13,,EVENT_MSG_SENT,msg_609,2024-01-15 00:29:54.357747
pub_13,,EVENT_MSG_SENT,msg_610,2024-01-15 00:29:54.409116
pub_13,,EVENT_MSG_SENT,msg_611,2024-01-15 00:29:54.459898
pub_13,,EVENT_MSG_SENT,msg_612,2024-01-15 00:29:54.510529
pub_13,,EVENT_MSG_SENT,msg_613,2024-01-15 00:29:54.561167
pub_13,,EVENT_MSG_SENT,msg_614,2024-01-15 00:29:54.611758
pub_13,,EVENT_MSG_SENT,msg_615,2024-01-15 00:29:54.662310
pub_13,,EVENT_MSG_SENT,msg_616,2024-01-15 00:29:54.714173
pub_13,,EVENT_MSG_SENT,msg_617,2024-01-15 00:29:54.764780
pub_13,,EVENT_MSG_SENT,msg_618,2024-01-15 00:29:54.815212
pub_13,,EVENT_MSG_SENT,msg_619,2024-01-15 00:29:54.865806
pub_13,,EVENT_MSG_SENT,msg_620,2024-01-15 00:29:54.916112
pub_13,,EVENT_MSG_SENT,msg_621,2024-01-15 00:29:54.966491
pub_13,,EVENT_MSG_SENT,msg_622,2024-01-15 00:29:55.017740
pub_13,,EVENT_MSG_SENT,msg_623,2024-01-15 00:29:55.069180
pub_13,,EVENT_MSG_SENT,msg_624,2024-01-15 00:29:55.119681
pub_13,,EVENT_MSG_SENT,msg_625,2024-01-15 00:29:55.170375
pub_13,,EVENT_MSG_SENT,msg_626,2024-01-15 00:29:55.220970
pub_13,,EVENT_MSG_SENT,msg_627,2024-01-15 00:29:55.271498
pub_13,,EVENT_MSG_SENT,msg_628,2024-01-15 00:29:55.322725
pub_13,,EVENT_MSG_SENT,msg_629,2024-01-15 00:29:55.373361
pub_13,,EVENT_MSG_SENT,msg_630,2024-01-15 00:29:55.424329
pub_13,,EVENT_MSG_SENT,msg_631,2024-01-15 00:29:55.474788
pub_13,,EVENT_MSG_SENT,msg_632,2024-01-15 00:29:55.525313
pub_13,,EVENT_MSG_SENT,msg_633,2024-01-15 00:29:55.575726
pub_13,,EVENT_MSG_SENT,msg_634,2024-01-15 00:29:55.626143
pub_13,,EVENT_MSG_SENT,msg_635,2024-01-15 00:29:55.677051
pub_13,,EVENT_MSG_SENT,msg_636,2024-01-15 00:29:55.727628
pub_13,,EVENT_MSG_SENT,msg_637,2024-01-15 00:29:55.778210
pub_13,,EVENT_MSG_SENT,msg_638,2024-01-15 00:29:55.828934
pub_13,,EVENT_MSG_SENT,msg_639,2024-01-15 00:29:55.879363
pub_13,,EVENT_MSG_SENT,msg_640,2024-01-15 00:29:55.929831
pub_13,,EVENT_MSG_SENT,msg_641,2024-01-15 00:29:55.980329
pub_13,,EVENT_MSG_SENT,msg_642,2024-01-15 00:29:56.030851
pub_13,,EVENT_MSG_SENT,msg_643,2024-01-15 00:29:56.083410
pub_13,,EVENT_MSG_SENT,msg_644,2024-01-15 00:29:56.133697
pub_13,,EVENT_MSG_SENT,msg_645,2024-01-15 00:29:56.184149
pub_13,,EVENT_MSG_SENT,msg_646,2024-01-15 00:29:56.234500
pub_13,,EVENT_MSG_SENT,msg_647,2024-01-15 00:29:56.284937
pub_13,,EVENT_MSG_SENT,msg_648,2024-01-15 00:29:56.335479
