From_Device_ID,To_Device_ID,Event_Type,Message,Time_Stamp
pub_4,,EVENT_CONN_REQUEST,,2024-01-15 00:33:30.720043
,pub_4,EVENT_CONNECTED,,2024-01-15 00:33:30.723952
pub_4,,EVENT_MSG_SENT,,2024-01-15 00:33:49.528890
pub_4,,EVENT_MSG_SENT,msg_150,2024-01-15 00:33:49.579370
pub_4,,EVENT_MSG_SENT,msg_151,2024-01-15 00:33:49.630245
pub_4,,EVENT_MSG_SENT,msg_152,2024-01-15 00:33:49.681743
pub_4,,EVENT_MSG_SENT,msg_153,2024-01-15 00:33:49.732345
pub_4,,EVENT_MSG_SENT,msg_154,2024-01-15 00:33:49.782763
pub_4,,EVENT_MSG_SENT,msg_155,2024-01-15 00:33:49.834107
pub_4,,EVENT_MSG_SENT,msg_156,2024-01-15 00:33:49.885556
pub_4,,EVENT_MSG_SENT,msg_157,2024-01-15 00:33:49.936358
pub_4,,EVENT_MSG_SENT,msg_158,2024-01-15 00:33:49.986757
pub_4,,EVENT_MSG_SENT,msg_159,2024-01-15 00:33:50.037150
pub_4,,EVENT_MSG_SENT,msg_160,2024-01-15 00:33:50.087928
pub_4,,EVENT_MSG_SENT,msg_161,2024-01-15 00:33:50.138560
pub_4,,EVENT_MSG_SENT,msg_162,2024-01-15 00:33:50.189354
pub_4,,EVENT_MSG_SENT,msg_163,2024-01-15 00:33:50.240205
pub_4,,EVENT_MSG_SENT,msg_164,2024-01-15 00:33:50.290918
pub_4,,EVENT_MSG_SENT,msg_165,2024-01-15 00:33:50.341944
pub_4,,EVENT_MSG_SENT,msg_166,2024-01-15 00:33:50.392523
pub_4,,EVENT_MSG_SENT,msg_167,2024-01-15 00:33:50.443098
pub_4,,EVENT_MSG_SENT,msg_168,2024-01-15 00:33:50.493632
pub_4,,EVENT_MSG_SENT,msg_169,2024-01-15 00:33:50.544353
pub_4,,EVENT_MSG_SENT,msg_170,2024-01-15 00:33:50.594657
pub_4,,EVENT_MSG_SENT,msg_171,2024-01-15 00:33:50.645035
pub_4,,EVENT_MSG_SENT,msg_172,2024-01-15 00:33:50.695456
pub_4,,EVENT_MSG_SENT,msg_173,2024-01-15 00:33:50.746120
pub_4,,EVENT_MSG_SENT,msg_174,2024-01-15 00:33:50.797301
pub_4,,EVENT_MSG_SENT,msg_175,2024-01-15 00:33:50.848952
pub_4,,EVENT_MSG_SENT,msg_176,2024-01-15 00:33:50.899264
pub_4,,EVENT_MSG_SENT,msg_177,2024-01-15 00:33:50.949712
pub_4,,EVENT_MSG_SENT,msg_178,2024-01-15 00:33:51.000452
pub_4,,EVENT_MSG_SENT,msg_179,2024-01-15 00:33:51.050736
pub_4,,EVENT_MSG_SENT,msg_180,2024-01-15 00:33:51.101224
pub_4,,EVENT_MSG_SENT,msg_181,2024-01-15 00:33:51.151925
pub_4,,EVENT_MSG_SENT,msg_182,2024-01-15 00:33:51.202346
pub_4,,EVENT_MSG_SENT,msg_183,2024-01-15 00:33:51.253265
pub_4,,EVENT_MSG_SENT,msg_184,2024-01-15 00:33:51.304269
pub_4,,EVENT_MSG_SENT,msg_185,2024-01-15 00:33:51.354743
pub_4,,EVENT_MSG_SENT,msg_186,2024-01-15 00:33:51.405289
pub_4,,EVENT_MSG_SENT,msg_187,2024-01-15 00:33:51.456315
pub_4,,EVENT_MSG_SENT,msg_188,2024-01-15 00:33:51.506749
pub_4,,EVENT_MSG_SENT,msg_189,2024-01-15 00:33:51.557163
pub_4,,EVENT_MSG_SENT,msg_190,2024-01-15 00:33:51.608282
pub_4,,EVENT_MSG_SENT,msg_191,2024-01-15 00:33:51.658736
pub_4,,EVENT_MSG_SENT,msg_192,2024-01-15 00:33:51.709433
pub_4,,EVENT_MSG_SENT,msg_193,2024-01-15 00:33:51.760057
pub_4,,EVENT_MSG_SENT,msg_194,2024-01-15 00:33:51.810418
pub_4,,EVENT_MSG_SENT,msg_195,2024-01-15 00:33:51.860840
pub_4,,EVENT_MSG_SENT,msg_196,2024-01-15 00:33:51.911735
pub_4,,EVENT_MSG_SENT,msg_197,2024-01-15 00:33:51.962376
pub_4,,EVENT_MSG_SENT,msg_198,2024-01-15 00:33:52.012756
