From_Device_ID,To_Device_ID,Event_Type,Message,Time_Stamp
sub_4,,EVENT_CONN_REQUEST,,2024-01-15 00:33:29.928981
,sub_4,EVENT_CONNECTED,,2024-01-15 00:33:29.930460
,sub_4,EVENT_MSG_RECD,msg_150,2024-01-15 00:33:49.913013
,sub_4,EVENT_MSG_RECD,msg_151,2024-01-15 00:33:50.178998
,sub_4,EVENT_MSG_RECD,msg_152,2024-01-15 00:33:50.179118
,sub_4,EVENT_MSG_RECD,msg_153,2024-01-15 00:33:50.179168
,sub_4,EVENT_MSG_RECD,msg_154,2024-01-15 00:33:50.179212
,sub_4,EVENT_MSG_RECD,msg_155,2024-01-15 00:33:50.526624
,sub_4,EVENT_MSG_RECD,msg_156,2024-01-15 00:33:50.526777
,sub_4,EVENT_MSG_RECD,msg_157,2024-01-15 00:33:50.526813
,sub_4,EVENT_MSG_RECD,msg_158,2024-01-15 00:33:50.526841
,sub_4,EVENT_MSG_RECD,msg_159,2024-01-15 00:33:50.526871
,sub_4,EVENT_MSG_RECD,msg_160,2024-01-15 00:33:50.526898
,sub_4,EVENT_MSG_RECD,msg_161,2024-01-15 00:33:50.526926
,sub_4,EVENT_MSG_RECD,msg_162,2024-01-15 00:33:50.526956
,sub_4,EVENT_MSG_RECD,msg_163,2024-01-15 00:33:50.848669
,sub_4,EVENT_MSG_RECD,msg_164,2024-01-15 00:33:50.848741
,sub_4,EVENT_MSG_RECD,msg_165,2024-01-15 00:33:50.848762
,sub_4,EVENT_MSG_RECD,msg_166,2024-01-15 00:33:50.848780
,sub_4,EVENT_MSG_RECD,msg_167,2024-01-15 00:33:50.848797
,sub_4,EVENT_MSG_RECD,msg_168,2024-01-15 00:33:50.848816
,sub_4,EVENT_MSG_RECD,msg_169,2024-01-15 00:33:50.848833
,sub_4,EVENT_MSG_RECD,msg_170,2024-01-15 00:33:51.145322
,sub_4,EVENT_MSG_RECD,msg_171,2024-01-15 00:33:51.145403
,sub_4,EVENT_MSG_RECD,msg_172,2024-01-15 00:33:51.145429
,sub_4,EVENT_MSG_RECD,msg_173,2024-01-15 00:33:51.145451
,sub_4,EVENT_MSG_RECD,msg_174,2024-01-15 00:33:51.145472
,sub_4,EVENT_MSG_RECD,msg_175,2024-01-15 00:33:51.145494
,sub_4,EVENT_MSG_RECD,msg_176,2024-01-15 00:33:51.414421
,sub_4,EVENT_MSG_RECD,msg_177,2024-01-15 00:33:51.414550
,sub_4,EVENT_MSG_RECD,msg_178,2024-01-15 00:33:51.414602
,sub_4,EVENT_MSG_RECD,msg_179,2024-01-15 00:33:51.414648
,sub_4,EVENT_MSG_RECD,msg_180,2024-01-15 00:33:51.414691
,sub_4,EVENT_MSG_RECD,msg_181,2024-01-15 00:33:51.414734
,sub_4,EVENT_MSG_RECD,msg_182,2024-01-15 00:33:51.683639
,sub_4,EVENT_MSG_RECD,msg_183,2024-01-15 00:33:51.683748
,sub_4,EVENT_MSG_RECD,msg_184,2024-01-15 00:33:51.683793
,sub_4,EVENT_MSG_RECD,msg_185,2024-01-15 00:33:51.683868
,sub_4,EVENT_MSG_RECD,msg_186,2024-01-15 00:33:51.683924
,sub_4,EVENT_MSG_RECD,msg_187,2024-01-15 00:33:51.683965
,sub_4,EVENT_MSG_RECD,msg_188,2024-01-15 00:33:51.951339
,sub_4,EVENT_MSG_RECD,msg_189,2024-01-15 00:33:51.951444
,sub_4,EVENT_MSG_RECD,msg_190,2024-01-15 00:33:51.951486
,sub_4,EVENT_MSG_RECD,msg_191,2024-01-15 00:33:51.951520
,sub_4,EVENT_MSG_RECD,msg_192,2024-01-15 00:33:51.951555
,sub_4,EVENT_MSG_RECD,msg_193,2024-01-15 00:33:52.193389
,sub_4,EVENT_MSG_RECD,msg_194,2024-01-15 00:33:52.193655
,sub_4,EVENT_MSG_RECD,msg_195,2024-01-15 00:33:52.193811
,sub_4,EVENT_MSG_RECD,msg_196,2024-01-15 00:33:52.193914
,sub_4,EVENT_MSG_RECD,msg_197,2024-01-15 00:33:52.194012
,sub_4,EVENT_MSG_RECD,msg_198,2024-01-15 00:33:52.567217
,sub_4,EVENT_MSG_RECD,msg_199,2024-01-15 00:33:52.567350
